0 1
0 29
0 30
0 58
1 2
2 3
3 4
4 5
4 35
5 6
6 7
7 8
8 9
8 59
9 10
10 11
11 12
12 13
13 14
14 15
15 16
16 17
17 18
18 19
19 20
20 21
21 22
22 23
22 72
23 24
24 25
25 26
26 27
27 28
28 29
30 31
31 32
32 33
33 34
34 35
35 36
36 37
37 38
37 71
38 39
39 40
40 41
41 42
42 43
43 44
44 45
45 46
46 47
47 48
48 49
49 50
50 51
51 52
51 84
52 53
53 54
54 55
55 56
56 57
57 58
59 60
60 61
61 62
62 63
63 64
64 65
65 66
66 67
67 68
68 69
69 70
70 71
72 73
73 74
74 75
75 76
76 77
77 78
78 79
79 80
80 81
81 82
82 83
83 84
85 86
85 87
85 88
85 89
85 90
85 91
85 92
85 93
85 94
85 95
85 96
85 97
85 98
85 99
85 100
85 101
85 102
85 103
85 104
85 105
85 106
85 107
85 108
85 109
85 110
85 111
85 112
85 113
85 114
85 115
85 116
85 117
85 118
85 119
85 120
85 121
85 122
85 123
85 124
85 125
85 126
85 127
85 128
85 129
85 130
85 131
86 87
89 90
92 93
96 97
132 133
132 134
132 135
132 136
132 137
132 138
132 139
132 140
132 141
132 142
132 143
132 144
132 145
132 146
132 147
132 148
132 149
132 150
132 151
132 152
132 153
132 154
132 155
132 156
157 158
157 159
157 160
157 161
157 162
157 163
157 164
157 165
157 166
157 167
157 168
157 169
157 170
157 171
157 172
157 173
157 174
157 175
157 176
157 177
157 178
179 180
179 181
179 182
179 183
179 184
179 185
179 186
179 187
179 188
179 189
179 190
179 191
179 192
179 193
179 194
179 195
179 196
179 197
179 198
199 200
199 201
199 202
199 203
199 204
199 205
199 206
199 207
199 208
199 209
199 210
199 211
199 212
199 213
199 214
199 215
199 216
217 218
217 219
217 220
217 221
217 222
217 223
217 224
217 225
217 226
217 227
217 228
217 229
217 230
217 231
232 233
232 234
232 235
232 236
232 237
232 238
232 239
232 240
232 241
232 242
232 243
232 244
232 245
232 246
232 247
232 248
232 249
232 250
232 251
232 252
232 253
254 255
254 256
254 257
254 258
254 259
254 260
254 261
254 262
254 263
254 264
254 265
254 266
254 267
254 268
254 269
254 270
254 271
254 272
254 273
274 275
274 276
274 277
274 278
274 279
274 280
274 281
274 282
274 283
274 284
274 285
274 286
274 287
274 288
274 289
274 290
274 291
292 293
292 294
292 295
292 296
292 297
292 298
292 299
292 300
292 301
292 302
292 303
292 304
292 305
292 306
307 308
307 309
307 310
307 311
307 312
307 313
307 314
307 315
307 316
307 317
307 318
307 319
307 320
307 321
307 322
307 323
324 325
324 326
324 327
324 328
324 329
324 330
324 331
324 332
324 333
324 334
324 335
324 336
337 338
337 339
337 340
337 341
337 342
337 343
337 344
337 345
337 346
337 347
337 348
337 349
337 350
337 351
337 352
353 354
353 355
353 356
353 357
353 358
353 359
353 360
353 361
353 362
353 363
353 364
353 365
353 366
353 367
353 368
369 370
369 371
369 372
369 373
369 374
369 375
369 376
369 377
369 378
369 379
369 380
369 381
369 382
369 383
369 384
385 386
385 387
385 388
385 389
385 390
385 391
385 392
385 393
385 394
385 395
385 396
385 397
385 398
399 400
399 401
399 402
399 403
399 404
399 405
399 406
399 407
399 408
409 410
409 411
409 412
409 413
409 414
409 415
409 416
409 417
409 418
409 419
409 420
409 421
409 422
423 424
423 425
423 426
423 427
423 428
423 429
423 430
423 431
423 432
433 434
433 435
433 436
433 437
433 438
433 439
433 440
433 441
433 442
433 443
433 444
433 445
433 446
447 448
447 449
447 450
447 451
447 452
447 453
447 454
447 455
447 456
457 458
457 459
457 460
457 461
457 462
457 463
457 464
457 465
457 466
457 467
457 468
457 469
457 470
471 472
471 473
471 474
471 475
471 476
471 477
471 478
471 479
471 480
481 482
481 483
481 484
481 485
481 486
481 487
481 488
481 489
481 490
481 491
481 492
481 493
481 494
495 496
495 497
495 498
495 499
495 500
495 501
495 502
495 503
495 504
505 506
505 507
505 508
505 509
505 510
505 511
505 512
505 513
505 514
505 515
505 516
505 517
505 518
519 520
519 521
519 522
519 523
519 524
519 525
519 526
519 527
519 528
529 530
529 531
529 532
529 533
529 534
529 535
529 536
529 537
529 538
529 539
529 540
541 542
541 543
541 544
541 545
541 546
541 547
541 548
541 549
541 550
541 551
541 552
553 554
553 555
553 556
553 557
553 558
553 559
553 560
553 561
553 562
553 563
553 564
565 566
565 567
565 568
565 569
565 570
565 571
565 572
565 573
565 574
565 575
565 576
577 578
577 579
577 580
577 581
577 582
577 583
577 584
577 585
577 586
577 587
577 588
589 590
589 591
589 592
589 593
589 594
589 595
589 596
589 597
589 598
589 599
589 600
601 602
601 603
601 604
601 605
601 606
601 607
601 608
601 609
601 610
601 611
601 612
613 614
613 615
613 616
613 617
613 618
613 619
613 620
613 621
613 622
613 623
613 624
625 626
625 627
625 628
625 629
625 630
625 631
625 632
625 633
625 634
625 635
636 637
636 638
636 639
636 640
636 641
636 642
636 643
636 644
636 645
636 646
647 648
647 649
647 650
647 651
647 652
647 653
647 654
647 655
647 656
647 657
658 659
658 660
658 661
658 662
658 663
658 664
658 665
658 666
658 667
658 668
669 670
669 671
669 672
669 673
669 674
669 675
669 676
669 677
669 678
669 679
680 681
680 682
680 683
680 684
680 685
680 686
680 687
680 688
680 689
680 690
691 692
691 693
691 694
691 695
691 696
691 697
691 698
691 699
691 700
691 701
702 703
702 704
702 705
702 706
702 707
702 708
702 709
702 710
711 712
711 713
711 714
711 715
711 716
711 717
711 718
711 719
720 721
720 722
720 723
720 724
720 725
720 726
720 727
720 728
729 730
729 731
729 732
729 733
729 734
729 735
729 736
729 737
738 739
738 740
738 741
738 742
738 743
738 744
738 745
738 746
747 748
747 749
747 750
747 751
747 752
747 753
747 754
747 755
756 757
756 758
756 759
756 760
756 761
756 762
756 763
756 764
765 766
765 767
765 768
765 769
765 770
765 771
765 772
765 773
774 775
774 776
774 777
774 778
774 779
774 780
774 781
774 782
783 784
783 785
783 786
783 787
783 788
783 789
783 790
783 791
792 793
792 794
792 795
792 796
792 797
792 798
792 799
800 801
800 802
800 803
800 804
800 805
800 806
800 807
808 809
808 810
808 811
808 812
808 813
808 814
808 815
816 817
816 818
816 819
816 820
816 821
816 822
816 823
824 825
824 826
824 827
824 828
824 829
824 830
824 831
832 833
832 834
832 835
832 836
832 837
832 838
832 839
840 841
840 842
840 843
840 844
840 845
840 846
840 847
848 849
848 850
848 851
848 852
848 853
848 854
848 855
856 857
856 858
856 859
856 860
856 861
856 862
856 863
864 865
864 866
864 867
864 868
864 869
864 870
864 871
872 873
872 874
872 875
872 876
872 877
872 878
872 879
880 881
880 882
880 883
880 884
880 885
880 886
880 887
888 889
888 890
888 891
888 892
888 893
888 894
888 895
896 897
896 898
896 899
896 900
896 901
897 898
897 1878
898 1879
899 900
899 1880
900 1881
902 903
902 904
902 905
902 906
902 907
908 909
908 910
908 911
908 912
908 913
914 915
914 916
914 917
914 918
914 919
920 921
920 922
920 923
920 924
920 925
926 927
926 928
926 929
926 930
926 931
932 933
932 934
932 935
932 936
932 937
938 939
938 940
938 941
938 942
938 943
944 945
944 946
944 947
944 948
944 949
950 951
950 952
950 953
950 954
950 955
956 957
956 958
956 959
956 960
956 961
962 963
962 964
962 965
962 966
962 967
968 969
968 970
968 971
968 972
968 973
974 975
974 976
974 977
974 978
974 979
980 981
980 982
980 983
980 984
980 985
986 987
986 988
986 989
986 990
986 991
992 993
992 994
992 995
992 996
992 997
998 999
998 1000
998 1001
998 1002
998 1003
1004 1005
1004 1006
1004 1007
1004 1008
1004 1009
1010 1011
1010 1012
1010 1013
1010 1014
1010 1015
1016 1017
1016 1018
1016 1019
1016 1020
1016 1021
1022 1023
1022 1024
1022 1025
1022 1026
1022 1027
1028 1029
1028 1030
1028 1031
1028 1032
1028 1033
1034 1035
1034 1036
1034 1037
1034 1038
1034 1039
1040 1041
1040 1042
1040 1043
1040 1044
1040 1045
1046 1047
1046 1048
1046 1049
1046 1050
1046 1051
1052 1053
1052 1054
1052 1055
1052 1056
1052 1057
1052 1058
1053 1698
1054 1699
1055 1700
1056 1701
1057 1702
1058 1703
1059 1060
1059 1061
1059 1062
1059 1063
1059 1064
1059 1065
1060 1710
1061 1711
1062 1712
1063 1713
1064 1714
1065 1715
1066 1067
1066 1068
1066 1069
1066 1070
1066 1071
1066 1072
1067 1722
1068 1723
1069 1724
1070 1725
1071 1726
1072 1727
1073 1074
1073 1075
1073 1076
1073 1077
1073 1078
1073 1079
1074 1734
1075 1735
1076 1736
1077 1737
1078 1738
1079 1739
1080 1081
1080 1082
1080 1083
1080 1084
1080 1085
1080 1086
1081 1746
1082 1747
1083 1748
1084 1749
1085 1750
1086 1751
1087 1088
1087 1089
1087 1090
1087 1091
1087 1092
1087 1093
1088 1758
1089 1759
1090 1760
1091 1761
1092 1762
1093 1763
1094 1095
1094 1096
1094 1097
1094 1098
1094 1099
1094 1100
1095 1770
1096 1771
1097 1772
1098 1773
1099 1774
1100 1775
1101 1102
1101 1103
1101 1104
1101 1105
1101 1106
1101 1107
1102 1782
1103 1783
1104 1784
1105 1785
1106 1786
1107 1787
1108 1109
1108 1110
1108 1111
1108 1112
1108 1113
1108 1114
1109 1794
1110 1795
1111 1796
1112 1797
1113 1798
1114 1799
1115 1116
1115 1117
1115 1118
1115 1119
1115 1120
1115 1121
1116 1806
1117 1807
1118 1808
1119 1809
1120 1810
1121 1811
1122 1123
1122 1124
1122 1125
1122 1126
1122 1127
1122 1128
1123 1818
1124 1819
1125 1820
1126 1821
1127 1822
1128 1823
1129 1130
1129 1131
1129 1132
1129 1133
1129 1134
1129 1135
1130 1830
1131 1831
1132 1832
1133 1833
1134 1834
1135 1835
1136 1137
1136 1138
1136 1139
1136 1140
1136 1141
1136 1142
1137 1842
1138 1843
1139 1844
1140 1845
1141 1846
1142 1847
1143 1144
1143 1145
1143 1146
1143 1147
1143 1148
1143 1149
1144 1854
1145 1855
1146 1856
1147 1857
1148 1858
1149 1859
1150 1151
1150 1152
1150 1153
1150 1154
1150 1155
1150 1156
1151 1866
1152 1867
1153 1868
1154 1869
1155 1870
1156 1871
1157 1158
1157 1159
1157 1160
1157 1161
1157 1162
1157 1163
1164 1165
1164 1166
1164 1167
1164 1168
1164 1169
1164 1170
1171 1172
1171 1173
1171 1174
1171 1175
1171 1176
1171 1177
1178 1179
1178 1180
1178 1181
1178 1182
1178 1183
1178 1184
1185 1186
1185 1187
1185 1188
1185 1189
1185 1190
1185 1191
1192 1193
1192 1194
1192 1195
1192 1196
1192 1197
1192 1198
1199 1200
1199 1201
1199 1202
1199 1203
1199 1204
1199 1205
1206 1207
1206 1208
1206 1209
1206 1210
1206 1211
1206 1212
1213 1214
1213 1215
1213 1216
1213 1217
1213 1218
1213 1219
1220 1221
1220 1222
1220 1223
1220 1224
1220 1225
1220 1226
1227 1228
1227 1229
1227 1230
1227 1231
1227 1232
1227 1233
1234 1235
1234 1236
1234 1237
1234 1238
1239 1240
1239 1241
1239 1242
1239 1243
1244 1245
1244 1246
1244 1247
1244 1248
1249 1250
1249 1251
1249 1252
1249 1253
1254 1255
1254 1256
1254 1257
1254 1258
1259 1260
1259 1261
1259 1262
1259 1263
1264 1265
1264 1266
1264 1267
1264 1268
1269 1270
1269 1271
1269 1272
1269 1273
1274 1275
1274 1276
1274 1277
1274 1278
1279 1280
1279 1281
1279 1282
1279 1283
1284 1285
1284 1286
1284 1287
1284 1288
1289 1290
1289 1291
1289 1292
1289 1293
1294 1295
1294 1296
1294 1297
1294 1298
1299 1300
1299 1301
1299 1302
1299 1303
1304 1305
1304 1306
1304 1307
1304 1308
1309 1310
1309 1311
1309 1312
1309 1313
1310 1512
1310 1513
1311 1514
1311 1515
1312 1516
1312 1517
1313 1518
1313 1519
1314 1315
1314 1316
1314 1317
1314 1318
1315 1520
1315 1521
1316 1522
1316 1523
1317 1524
1317 1525
1318 1526
1318 1527
1319 1320
1319 1321
1319 1322
1319 1323
1320 1528
1320 1529
1321 1530
1321 1531
1322 1532
1322 1533
1323 1534
1323 1535
1324 1325
1324 1326
1324 1327
1324 1328
1325 1536
1325 1537
1326 1538
1326 1539
1327 1540
1327 1541
1328 1542
1328 1543
1329 1330
1329 1331
1329 1332
1329 1333
1330 1544
1330 1545
1331 1546
1331 1547
1332 1548
1332 1549
1333 1550
1333 1551
1334 1335
1334 1336
1334 1337
1334 1338
1335 1552
1335 1553
1336 1554
1336 1555
1337 1556
1337 1557
1338 1558
1338 1559
1339 1340
1339 1341
1339 1342
1339 1343
1340 1560
1340 1561
1341 1562
1341 1563
1342 1564
1342 1565
1343 1566
1343 1567
1344 1345
1344 1346
1344 1347
1344 1348
1345 1568
1345 1569
1346 1570
1346 1571
1347 1572
1347 1573
1348 1574
1348 1575
1349 1350
1349 1351
1349 1352
1349 1353
1350 1576
1350 1577
1351 1578
1351 1579
1352 1580
1352 1581
1353 1582
1353 1583
1354 1355
1354 1356
1354 1357
1354 1358
1355 1584
1355 1585
1356 1586
1356 1587
1357 1588
1357 1589
1358 1590
1358 1591
1359 1360
1359 1361
1359 1362
1359 1363
1360 1592
1360 1593
1361 1594
1361 1595
1362 1596
1362 1597
1363 1598
1363 1599
1364 1365
1364 1366
1364 1367
1364 1368
1365 1600
1365 1601
1366 1602
1366 1603
1367 1604
1367 1605
1368 1606
1368 1607
1369 1370
1369 1371
1369 1372
1369 1373
1370 1608
1370 1609
1371 1610
1371 1611
1372 1612
1372 1613
1373 1614
1373 1615
1374 1375
1374 1376
1374 1377
1374 1378
1375 1616
1375 1617
1376 1618
1376 1619
1377 1620
1377 1621
1378 1622
1378 1623
1379 1380
1379 1381
1379 1382
1379 1383
1380 1624
1380 1625
1381 1626
1381 1627
1382 1628
1382 1629
1383 1630
1383 1631
1384 1385
1384 1386
1384 1387
1384 1388
1385 1632
1385 1633
1386 1634
1386 1635
1387 1636
1387 1637
1388 1638
1388 1639
1389 1390
1389 1391
1389 1392
1389 1393
1390 1640
1390 1641
1391 1642
1391 1643
1392 1644
1392 1645
1393 1646
1393 1647
1394 1395
1394 1396
1394 1397
1394 1398
1395 1648
1395 1649
1396 1650
1396 1651
1397 1652
1397 1653
1398 1654
1398 1655
1399 1400
1399 1401
1399 1402
1399 1403
1400 1656
1400 1657
1401 1658
1401 1659
1402 1660
1402 1661
1403 1662
1403 1663
1404 1405
1404 1406
1404 1407
1404 1408
1405 1664
1405 1665
1406 1666
1406 1667
1407 1668
1407 1669
1408 1670
1408 1671
1409 1410
1409 1411
1409 1412
1409 1413
1410 1672
1410 1673
1411 1674
1411 1675
1412 1676
1412 1677
1413 1678
1413 1679
1414 1415
1414 1416
1414 1417
1414 1418
1415 1680
1415 1681
1416 1682
1416 1683
1417 1684
1417 1685
1418 1686
1418 1687
1419 1420
1419 1421
1419 1422
1419 1423
1424 1425
1424 1426
1424 1427
1424 1428
1429 1430
1429 1431
1429 1432
1429 1433
1434 1435
1434 1436
1434 1437
1434 1438
1439 1440
1439 1441
1439 1442
1439 1443
1444 1445
1444 1446
1444 1447
1444 1448
1449 1450
1449 1451
1449 1452
1449 1453
1454 1455
1454 1456
1454 1457
1454 1458
1459 1460
1459 1461
1459 1462
1459 1463
1460 1688
1460 1690
1461 1692
1462 1694
1463 1696
1464 1465
1464 1466
1464 1467
1464 1468
1468 1504
1468 1505
1469 1470
1469 1471
1469 1472
1469 1473
1473 1504
1473 1505
1474 1475
1474 1476
1474 1477
1474 1478
1478 1506
1478 1507
1479 1480
1479 1481
1479 1482
1479 1483
1483 1510
1483 1511
1484 1485
1484 1486
1484 1487
1484 1488
1488 1508
1488 1509
1489 1490
1489 1491
1489 1492
1489 1493
1493 1506
1493 1507
1494 1495
1494 1496
1494 1497
1494 1498
1498 1510
1498 1511
1499 1500
1499 1501
1499 1502
1499 1503
1503 1508
1503 1509
1688 1689
1690 1691
1692 1693
1694 1695
1696 1697
1698 1704
1699 1705
1700 1706
1701 1707
1702 1708
1703 1709
1704 1705
1710 1716
1711 1717
1712 1718
1713 1719
1714 1720
1715 1721
1716 1717
1722 1728
1723 1729
1724 1730
1725 1731
1726 1732
1727 1733
1728 1729
1734 1740
1735 1741
1736 1742
1737 1743
1738 1744
1739 1745
1740 1741
1746 1752
1747 1753
1748 1754
1749 1755
1750 1756
1751 1757
1752 1753
1758 1764
1759 1765
1760 1766
1761 1767
1762 1768
1763 1769
1764 1765
1770 1776
1771 1777
1772 1778
1773 1779
1774 1780
1775 1781
1776 1777
1782 1788
1783 1789
1784 1790
1785 1791
1786 1792
1787 1793
1788 1789
1794 1800
1795 1801
1796 1802
1797 1803
1798 1804
1799 1805
1800 1801
1806 1812
1807 1813
1808 1814
1809 1815
1810 1816
1811 1817
1812 1813
1818 1824
1819 1825
1820 1826
1821 1827
1822 1828
1823 1829
1824 1825
1830 1836
1831 1837
1832 1838
1833 1839
1834 1840
1835 1841
1842 1848
1843 1849
1844 1850
1845 1851
1846 1852
1847 1853
1854 1860
1855 1861
1856 1862
1857 1863
1858 1864
1859 1865
1866 1872
1867 1873
1868 1874
1869 1875
1870 1876
1871 1877
